17,2
17,1
17,3
15,2
15,1
15,3
16,2
16,1
16,3
10,141
10,241
10,175
10,207
10,65
10,293
10,23
10,151
11,25
11,7
11,15
11,17
11,11
9,5
8,6
8,16
8,13
8,9
0,399
12,2
12,1
12,3
19,2
46,13
46,12
46,11
46,10
46,9
46,8
46,7
46,6
46,5
46,4
46,3
46,2
46,1
46,0
45,3
45,2
45,1
45,0
44,3
44,2
44,1
44,0
43,18
43,17
43,16
43,15
43,14
43,13
43,12
43,11
43,10
43,9
43,8
43,7
43,6
43,5
43,4
43,3
43,2
43,1
41,3
41,1
40,3
18,1
40,1
18,3
39,3
39,1
38,3
38,1
14,1
37,3
14,3
37,1
13,1
36,3
13,3
36,1
35,3
35,1
34,11
34,3
34,1
